5 2000 0.001
1250 2
0.05 0.71
0.17 0.83
0.21 0.87
0.08 0.85
0.17 0.85
0.1 0.87
0.16 0.79
0.09 0.78
0.11 0.79
0.14 0.8
0.22 0.88
0.16 0.8
0.16 0.74
0.11 0.89
0.12 0.83
0.14 0.85
0.23 0.83
0.14 0.8
0.16 0.85
0.07 0.87
0.13 0.8
0.03 0.77
0.14 0.81
0.16 0.8
0.09 0.84
0.14 0.75
0.15 0.82
0.14 0.79
0.09 0.8
0.17 0.67
0.11 0.82
0.21 0.86
0.22 0.83
0.02 0.86
0.06 0.82
0.08 0.85
0.13 0.82
0.25 0.83
0.08 0.84
0.13 0.77
0.21 0.78
0.17 0.88
0.16 0.76
0.26 0.87
0.01 0.8
0.16 0.81
0.25 0.85
0.16 0.76
0.23 0.71
0.16 0.8
0.2 0.78
0.02 0.74
0.16 0.77
0.03 0.88
0.16 0.78
0.16 0.8
0.13 0.8
0.14 0.79
0.04 0.7
0.15 0.8
0.0 0.83
0.15 0.81
0.13 0.79
0.14 0.87
0.21 0.66
0.09 0.76
0.17 0.94
0.18 0.69
0.14 0.79
0.16 0.83
0.2 0.79
0.2 0.9
0.16 0.82
0.14 0.8
0.11 0.82
0.14 0.81
0.09 0.82
0.2 0.74
0.19 0.83
0.07 0.75
0.1 0.82
0.18 0.77
0.2 0.81
0.21 0.66
0.19 0.75
0.12 0.74
0.13 0.71
0.11 0.76
0.2 0.74
0.14 0.88
0.04 0.79
0.17 0.76
0.23 0.88
0.05 0.7
0.25 0.83
0.16 0.67
0.24 0.87
0.13 0.79
0.18 0.85
0.15 0.8
0.09 0.81
0.18 0.67
0.2 0.87
0.26 0.86
0.16 0.79
0.27 0.87
0.1 0.76
0.24 0.74
0.07 0.79
0.24 0.85
0.14 0.85
0.25 0.84
0.25 0.86
0.17 0.68
0.05 0.84
0.02 0.78
0.2 0.93
0.15 0.71
0.24 0.87
0.26 0.73
0.12 0.66
0.13 0.74
0.18 0.79
0.2 0.8
0.21 0.75
0.12 0.87
0.22 0.84
0.13 0.84
0.15 0.8
0.2 0.86
0.22 0.85
0.21 0.82
0.03 0.79
0.13 0.84
0.12 0.85
0.23 0.78
0.17 0.77
0.15 0.88
0.12 0.78
0.17 0.92
0.14 0.79
0.25 0.77
0.15 0.8
0.15 0.82
0.14 0.66
0.16 0.8
0.15 0.8
0.2 0.86
0.23 0.77
0.18 0.82
0.14 0.8
0.09 0.88
0.13 0.92
0.19 0.73
0.15 0.94
0.22 0.9
0.26 0.86
0.1 0.81
0.17 0.79
0.24 0.88
0.19 0.82
0.17 0.79
0.13 0.71
0.16 0.82
0.19 0.85
0.1 0.78
0.14 0.7
0.16 0.93
0.18 0.88
0.12 0.79
0.13 0.79
0.15 0.73
0.15 0.8
0.1 0.85
0.28 0.73
0.11 0.73
0.21 0.74
0.14 0.8
0.18 0.79
0.15 0.81
0.1 0.85
0.2 0.8
0.22 0.74
0.19 0.76
0.03 0.81
0.06 0.72
0.18 0.88
0.17 0.79
0.07 0.71
0.25 0.78
0.26 0.74
0.18 0.87
0.14 0.8
0.06 0.91
0.12 0.81
0.13 0.79
0.08 0.87
0.15 0.8
0.11 0.88
0.09 0.74
0.2 0.9
0.04 0.76
0.1 0.75
0.15 0.76
0.15 0.76
0.19 0.92
0.22 0.88
0.1 0.76
0.17 0.8
0.2 0.91
0.18 0.83
0.13 0.93
0.13 0.89
0.13 0.71
0.19 0.86
0.15 0.8
0.25 0.84
0.14 0.82
0.14 0.94
0.18 0.82
0.12 0.8
0.05 0.8
0.18 0.87
0.21 0.68
0.24 0.85
0.23 0.89
0.27 0.89
0.13 0.75
0.22 0.72
0.13 0.86
0.22 0.83
0.19 0.79
0.01 0.78
0.2 0.79
0.2 0.81
0.22 0.81
0.14 0.79
0.14 0.79
0.13 0.79
0.23 0.86
0.14 0.71
0.04 0.76
0.22 0.72
0.03 0.81
0.17 0.93
0.07 0.89
0.15 0.8
0.06 0.83
0.22 0.77
0.12 0.71
0.28 0.36
0.3 0.48
0.46 0.38
0.43 0.42
0.41 0.52
0.41 0.41
0.38 0.41
0.44 0.52
0.27 0.45
0.27 0.48
0.51 0.44
0.28 0.4
0.45 0.36
0.35 0.45
0.39 0.51
0.39 0.4
0.39 0.27
0.46 0.43
0.32 0.49
0.28 0.42
0.52 0.47
0.39 0.52
0.32 0.4
0.37 0.35
0.4 0.51
0.41 0.42
0.53 0.42
0.5 0.45
0.35 0.32
0.27 0.47
0.48 0.3
0.41 0.47
0.4 0.5
0.39 0.29
0.47 0.44
0.48 0.43
0.45 0.4
0.37 0.42
0.45 0.44
0.38 0.43
0.44 0.39
0.41 0.39
0.48 0.47
0.4 0.39
0.4 0.4
0.37 0.35
0.36 0.35
0.46 0.31
0.29 0.36
0.4 0.39
0.41 0.44
0.43 0.47
0.43 0.46
0.43 0.4
0.46 0.41
0.42 0.47
0.38 0.34
0.35 0.49
0.53 0.32
0.33 0.43
0.37 0.29
0.39 0.3
0.43 0.47
0.38 0.34
0.41 0.4
0.39 0.39
0.43 0.42
0.41 0.39
0.43 0.46
0.49 0.45
0.42 0.43
0.4 0.38
0.3 0.3
0.39 0.44
0.41 0.36
0.44 0.51
0.33 0.42
0.45 0.31
0.38 0.3
0.37 0.47
0.4 0.3
0.31 0.47
0.47 0.28
0.47 0.44
0.39 0.29
0.31 0.37
0.44 0.47
0.36 0.35
0.5 0.33
0.4 0.42
0.38 0.34
0.4 0.39
0.43 0.28
0.33 0.42
0.48 0.46
0.43 0.4
0.4 0.43
0.4 0.4
0.44 0.37
0.47 0.45
0.47 0.44
0.44 0.52
0.47 0.39
0.38 0.36
0.36 0.42
0.42 0.41
0.35 0.36
0.47 0.4
0.41 0.39
0.41 0.35
0.4 0.4
0.41 0.33
0.33 0.36
0.48 0.36
0.27 0.35
0.29 0.42
0.33 0.43
0.41 0.27
0.47 0.32
0.44 0.39
0.37 0.29
0.37 0.27
0.32 0.39
0.33 0.39
0.39 0.32
0.45 0.43
0.38 0.47
0.31 0.38
0.35 0.43
0.49 0.45
0.39 0.4
0.41 0.46
0.41 0.42
0.39 0.44
0.4 0.54
0.49 0.44
0.43 0.41
0.34 0.35
0.41 0.39
0.39 0.28
0.29 0.43
0.35 0.44
0.44 0.48
0.41 0.39
0.39 0.4
0.4 0.39
0.42 0.38
0.3 0.48
0.4 0.35
0.41 0.37
0.27 0.45
0.39 0.41
0.48 0.31
0.39 0.38
0.51 0.44
0.41 0.39
0.51 0.48
0.47 0.46
0.26 0.43
0.4 0.38
0.4 0.4
0.36 0.35
0.38 0.34
0.36 0.42
0.3 0.46
0.53 0.46
0.45 0.44
0.38 0.4
0.32 0.43
0.37 0.41
0.31 0.34
0.39 0.4
0.45 0.36
0.39 0.32
0.32 0.33
0.41 0.5
0.42 0.42
0.4 0.4
0.37 0.4
0.33 0.5
0.37 0.32
0.44 0.4
0.4 0.4
0.28 0.38
0.46 0.37
0.43 0.43
0.41 0.42
0.3 0.45
0.44 0.32
0.43 0.4
0.37 0.38
0.43 0.44
0.5 0.46
0.4 0.33
0.48 0.3
0.34 0.39
0.32 0.37
0.53 0.4
0.43 0.39
0.36 0.29
0.45 0.42
0.4 0.4
0.38 0.42
0.27 0.48
0.3 0.42
0.47 0.51
0.52 0.49
0.37 0.39
0.41 0.45
0.5 0.33
0.46 0.34
0.43 0.38
0.34 0.35
0.41 0.45
0.39 0.39
0.32 0.39
0.48 0.41
0.49 0.51
0.52 0.45
0.41 0.4
0.45 0.3
0.41 0.38
0.49 0.4
0.36 0.44
0.46 0.26
0.39 0.42
0.29 0.37
0.48 0.3
0.37 0.36
0.45 0.45
0.4 0.41
0.33 0.47
0.44 0.39
0.5 0.33
0.41 0.38
0.47 0.31
0.51 0.4
0.4 0.38
0.49 0.41
0.49 0.51
0.34 0.3
0.47 0.52
0.46 0.39
0.39 0.25
0.45 0.43
0.3 0.37
0.4 0.47
0.47 0.41
0.41 0.44
0.32 0.43
0.6 0.4
0.75 0.29
0.77 0.3
0.79 0.28
0.71 0.33
0.82 0.25
0.67 0.35
0.75 0.31
0.75 0.24
0.77 0.28
0.67 0.16
0.7 0.34
0.68 0.42
0.69 0.43
0.61 0.41
0.66 0.37
0.64 0.32
0.75 0.32
0.72 0.29
0.8 0.41
0.75 0.3
0.72 0.21
0.75 0.25
0.84 0.33
0.69 0.23
0.81 0.28
0.72 0.3
0.78 0.3
0.66 0.26
0.76 0.33
0.57 0.28
0.7 0.37
0.66 0.28
0.65 0.3
0.7 0.31
0.72 0.23
0.69 0.21
0.81 0.37
0.65 0.36
0.73 0.28
0.56 0.26
0.7 0.29
0.7 0.3
0.62 0.31
0.74 0.21
0.7 0.35
0.8 0.28
0.69 0.37
0.63 0.41
0.73 0.29
0.66 0.2
0.64 0.38
0.63 0.18
0.61 0.29
0.7 0.24
0.65 0.3
0.76 0.3
0.78 0.37
0.69 0.28
0.67 0.27
0.72 0.22
0.59 0.27
0.65 0.3
0.65 0.26
0.6 0.24
0.72 0.22
0.6 0.29
0.65 0.41
0.65 0.39
0.68 0.32
0.56 0.31
0.68 0.25
0.63 0.28
0.64 0.37
0.79 0.39
0.77 0.26
0.68 0.32
0.76 0.21
0.69 0.31
0.66 0.33
0.71 0.35
0.71 0.29
0.67 0.34
0.72 0.32
0.72 0.19
0.71 0.24
0.72 0.43
0.75 0.35
0.65 0.33
0.8 0.31
0.77 0.26
0.72 0.31
0.72 0.35
0.68 0.32
0.68 0.36
0.63 0.29
0.66 0.34
0.72 0.32
0.65 0.27
0.66 0.27
0.7 0.35
0.75 0.23
0.6 0.35
0.7 0.29
0.74 0.31
0.72 0.25
0.83 0.32
0.71 0.32
0.82 0.33
0.64 0.29
0.71 0.36
0.62 0.38
0.7 0.25
0.74 0.41
0.81 0.32
0.71 0.31
0.7 0.3
0.73 0.25
0.7 0.3
0.68 0.34
0.73 0.26
0.64 0.29
0.74 0.3
0.68 0.34
0.71 0.29
0.71 0.31
0.78 0.23
0.6 0.29
0.7 0.28
0.83 0.26
0.77 0.25
0.66 0.16
0.61 0.42
0.73 0.39
0.72 0.31
0.71 0.37
0.65 0.35
0.72 0.36
0.76 0.34
0.69 0.25
0.67 0.35
0.68 0.27
0.69 0.3
0.74 0.35
0.71 0.43
0.82 0.31
0.72 0.2
0.72 0.27
0.7 0.27
0.68 0.29
0.79 0.19
0.75 0.38
0.73 0.38
0.7 0.31
0.7 0.38
0.7 0.3
0.69 0.32
0.67 0.23
0.57 0.34
0.7 0.19
0.82 0.22
0.71 0.3
0.59 0.28
0.69 0.3
0.69 0.3
0.71 0.32
0.58 0.24
0.73 0.36
0.69 0.38
0.71 0.2
0.71 0.2
0.72 0.21
0.67 0.4
0.76 0.4
0.71 0.25
0.68 0.18
0.75 0.42
0.72 0.32
0.72 0.27
0.65 0.25
0.71 0.31
0.67 0.22
0.77 0.19
0.75 0.36
0.66 0.24
0.69 0.34
0.73 0.38
0.7 0.3
0.66 0.41
0.82 0.31
0.81 0.33
0.78 0.3
0.64 0.18
0.75 0.26
0.71 0.29
0.7 0.3
0.73 0.2
0.79 0.32
0.68 0.34
0.69 0.3
0.71 0.2
0.7 0.3
0.62 0.39
0.78 0.36
0.67 0.3
0.68 0.3
0.74 0.35
0.7 0.3
0.81 0.36
0.72 0.4
0.68 0.41
0.76 0.29
0.81 0.25
0.6 0.25
0.68 0.29
0.71 0.29
0.75 0.3
0.59 0.25
0.59 0.4
0.73 0.42
0.68 0.43
0.75 0.33
0.82 0.29
0.83 0.22
0.82 0.26
0.67 0.3
0.63 0.24
0.83 0.3
0.75 0.41
0.65 0.28
0.59 0.21
0.76 0.21
0.69 0.36
0.73 0.31
0.74 0.24
0.65 0.27
0.68 0.19
0.72 0.35
0.75 0.32
0.64 0.29
0.61 0.2
0.69 0.18
0.69 0.29
0.65 0.43
0.67 0.22
0.64 0.31
0.76 0.42
0.64 0.32
0.7 0.29
0.64 0.38
0.64 0.51
0.65 0.6
0.7 0.48
0.62 0.63
0.58 0.52
0.72 0.55
0.55 0.63
0.69 0.69
0.58 0.6
0.55 0.68
0.8 0.61
0.66 0.54
0.7 0.68
0.68 0.68
0.59 0.5
0.74 0.61
0.78 0.62
0.68 0.64
0.62 0.56
0.62 0.65
0.67 0.59
0.64 0.61
0.65 0.63
0.59 0.62
0.64 0.6
0.54 0.53
0.68 0.58
0.59 0.48
0.66 0.58
0.68 0.48
0.65 0.59
0.68 0.63
0.57 0.62
0.66 0.55
0.67 0.67
0.69 0.57
0.74 0.6
0.62 0.67
0.6 0.54
0.6 0.58
0.59 0.71
0.65 0.6
0.6 0.59
0.7 0.62
0.63 0.68
0.75 0.53
0.55 0.5
0.63 0.59
0.53 0.58
0.6 0.63
0.69 0.66
0.63 0.61
0.69 0.65
0.79 0.56
0.56 0.56
0.62 0.6
0.77 0.58
0.65 0.6
0.59 0.53
0.51 0.62
0.69 0.65
0.68 0.6
0.65 0.59
0.77 0.61
0.67 0.63
0.67 0.59
0.54 0.51
0.66 0.67
0.65 0.59
0.71 0.59
0.66 0.58
0.57 0.61
0.68 0.6
0.64 0.6
0.62 0.59
0.68 0.62
0.52 0.62
0.69 0.62
0.66 0.61
0.65 0.53
0.56 0.69
0.65 0.6
0.71 0.49
0.64 0.59
0.64 0.55
0.61 0.49
0.71 0.66
0.71 0.54
0.58 0.56
0.7 0.65
0.64 0.58
0.69 0.63
0.67 0.63
0.75 0.61
0.6 0.66
0.58 0.52
0.73 0.6
0.71 0.71
0.71 0.7
0.64 0.61
0.74 0.59
0.57 0.62
0.7 0.73
0.61 0.72
0.57 0.57
0.78 0.65
0.77 0.59
0.72 0.47
0.51 0.59
0.65 0.61
0.53 0.52
0.61 0.54
0.52 0.54
0.67 0.55
0.61 0.53
0.65 0.57
0.62 0.58
0.67 0.47
0.65 0.61
0.69 0.58
0.65 0.61
0.66 0.72
0.63 0.6
0.75 0.66
0.64 0.59
0.65 0.68
0.63 0.53
0.61 0.65
0.7 0.62
0.64 0.6
0.63 0.63
0.66 0.46
0.67 0.57
0.55 0.58
0.55 0.62
0.64 0.52
0.57 0.72
0.57 0.48
0.61 0.6
0.68 0.55
0.59 0.68
0.57 0.5
0.65 0.6
0.61 0.64
0.63 0.56
0.77 0.59
0.67 0.59
0.64 0.63
0.66 0.6
0.66 0.62
0.62 0.58
0.65 0.69
0.69 0.51
0.71 0.59
0.56 0.68
0.69 0.58
0.62 0.52
0.6 0.63
0.75 0.49
0.66 0.5
0.65 0.6
0.7 0.57
0.63 0.7
0.72 0.49
0.66 0.6
0.57 0.57
0.69 0.72
0.74 0.64
0.63 0.58
0.77 0.65
0.61 0.47
0.6 0.57
0.66 0.59
0.71 0.56
0.63 0.62
0.68 0.58
0.74 0.66
0.74 0.68
0.65 0.74
0.61 0.64
0.68 0.49
0.66 0.59
0.61 0.59
0.69 0.58
0.69 0.67
0.72 0.7
0.54 0.59
0.59 0.53
0.66 0.59
0.65 0.64
0.66 0.58
0.69 0.56
0.6 0.62
0.63 0.66
0.61 0.64
0.73 0.62
0.72 0.71
0.63 0.59
0.61 0.54
0.58 0.62
0.62 0.59
0.56 0.62
0.66 0.58
0.59 0.54
0.74 0.59
0.56 0.57
0.66 0.61
0.66 0.56
0.62 0.61
0.67 0.63
0.62 0.5
0.79 0.55
0.66 0.56
0.65 0.6
0.63 0.67
0.67 0.61
0.65 0.73
0.66 0.59
0.65 0.6
0.7 0.66
0.66 0.59
0.64 0.61
0.73 0.68
0.6 0.6
0.66 0.59
0.67 0.61
0.7 0.53
0.72 0.72
0.65 0.6
0.65 0.6
0.67 0.54
0.59 0.54
0.62 0.57
0.65 0.57
0.65 0.6
0.7 0.59
0.65 0.61
0.67 0.5
0.65 0.58
0.62 0.63
0.69 0.64
0.65 0.6
0.74 0.57
0.72 0.56
0.54 0.56
0.7 0.54
0.73 0.62
0.63 0.63
0.7 0.58
0.66 0.62
0.89 0.63
0.79 0.67
0.73 0.67
0.73 0.6
0.87 0.65
0.96 0.65
0.94 0.62
0.9 0.79
0.76 0.63
0.87 0.71
0.97 0.64
0.79 0.73
0.86 0.68
0.75 0.76
0.88 0.59
0.88 0.82
0.81 0.63
0.91 0.69
0.85 0.7
0.73 0.7
0.9 0.7
0.84 0.72
0.74 0.64
0.73 0.7
0.87 0.59
0.8 0.65
0.9 0.83
0.88 0.74
0.84 0.7
0.83 0.74
0.85 0.67
0.85 0.7
0.71 0.75
0.85 0.7
0.89 0.82
0.84 0.74
0.77 0.71
0.93 0.63
0.85 0.7
0.84 0.64
0.97 0.7
0.86 0.69
0.79 0.68
0.85 0.7
0.94 0.74
0.85 0.66
0.8 0.72
0.79 0.57
0.74 0.72
0.77 0.63
0.76 0.7
0.77 0.7
0.83 0.77
0.85 0.83
0.86 0.66
0.87 0.75
0.83 0.8
0.9 0.69
0.85 0.71
0.84 0.71
0.95 0.63
0.79 0.75
0.72 0.71
0.87 0.66
0.86 0.71
0.9 0.69
0.91 0.67
0.85 0.64
0.78 0.72
0.89 0.7
0.9 0.59
0.92 0.6
0.72 0.76
0.79 0.77
0.84 0.73
0.8 0.75
0.87 0.6
0.86 0.72
0.93 0.79
0.93 0.73
0.86 0.75
0.8 0.59
0.75 0.61
0.86 0.72
0.83 0.68
0.87 0.7
0.78 0.8
0.9 0.67
0.86 0.69
0.75 0.68
0.85 0.77
0.9 0.73
0.86 0.66
1.0 0.7
0.86 0.58
0.86 0.75
0.87 0.75
0.84 0.69
0.85 0.7
0.88 0.69
0.85 0.69
0.83 0.81
0.8 0.65
0.85 0.68
0.95 0.67
0.82 0.61
0.92 0.74
0.86 0.7
0.87 0.71
0.85 0.7
0.84 0.71
0.98 0.7
0.83 0.64
0.88 0.58
0.77 0.7
0.85 0.63
0.89 0.77
0.87 0.75
0.86 0.7
0.84 0.72
0.86 0.72
0.8 0.77
0.87 0.79
0.81 0.74
0.79 0.57
0.87 0.57
0.96 0.63
0.86 0.7
0.89 0.74
0.84 0.69
0.73 0.7
0.81 0.7
0.77 0.61
0.93 0.74
0.84 0.72
0.85 0.79
0.91 0.7
0.93 0.63
0.84 0.7
0.89 0.73
0.84 0.56
0.89 0.63
0.88 0.71
0.76 0.81
0.91 0.61
0.81 0.72
0.86 0.74
0.71 0.74
0.95 0.68
0.85 0.7
0.84 0.65
0.85 0.69
0.86 0.77
0.76 0.7
0.85 0.7
0.94 0.69
0.86 0.63
0.83 0.73
0.83 0.78
0.93 0.77
0.86 0.72
0.88 0.61
0.84 0.7
0.83 0.8
0.95 0.77
0.94 0.64
0.81 0.68
0.83 0.73
0.85 0.7
0.81 0.58
0.89 0.76
0.93 0.65
0.86 0.71
0.82 0.66
0.89 0.74
0.84 0.71
0.79 0.73
0.87 0.77
0.86 0.76
0.75 0.63
0.83 0.76
0.83 0.58
0.88 0.75
0.85 0.7
0.86 0.73
0.91 0.71
0.85 0.72
0.83 0.67
0.9 0.71
0.87 0.71
0.95 0.68
0.86 0.7
0.88 0.8
0.87 0.84
0.85 0.79
0.81 0.65
0.85 0.7
0.82 0.62
0.9 0.7
0.82 0.69
0.98 0.66
0.73 0.68
0.89 0.73
0.84 0.69
0.85 0.68
0.89 0.75
0.73 0.67
0.82 0.79
0.84 0.71
0.82 0.58
0.85 0.71
0.85 0.7
0.71 0.71
0.86 0.68
0.76 0.79
0.8 0.74
0.89 0.76
0.86 0.7
0.77 0.63
0.9 0.74
0.85 0.7
0.93 0.63
0.89 0.7
0.85 0.71
0.85 0.7
0.84 0.65
0.86 0.64
0.97 0.75
0.77 0.64
0.74 0.63
0.96 0.64
0.89 0.81
0.83 0.67
0.83 0.66
0.88 0.69
0.74 0.75
0.81 0.8
0.91 0.65
0.86 0.64
0.89 0.63
0.84 0.71
0.87 0.68
0.86 0.75
0.87 0.77
0.79 0.72
0.85 0.69
0.86 0.72
0.89 0.7
0.89 0.62
0.9 0.76
